function obs = Sensors
    obs = [ -2.5e+06, 400, 800;
                  +1.0e+05, 700, 500];
end