function obs = Sensors
    obs = [ +1e+06, 400, 375;
                  -1e+06, 800, 600];
end